Note: The atoms having zero surface area (i.e. buried) are not shown below
 Note: Minimal and maximal value below are in kcal/mol
  Atom#    All/Positive/Negative area (Ang^2)  Minimal value   Maximal value
      1      0.75908     0.00000     0.75908     -9.28593030     -4.79703507
      2      1.67048     0.00000     1.67048     -9.94529900     -4.87539328
      3      2.87829     0.00000     2.87829    -12.85026969     -8.86613650
      4      2.69515     0.00000     2.69515    -13.51054786     -7.50769558
      5      3.63354     0.46947     3.16407    -10.22960419      2.13421263
      6      2.77129     0.25537     2.51592     -9.28593030      2.83040024
      7      2.62715     1.30179     1.32535     -7.51388276     10.95303785
      8      2.66749     0.26027     2.40722     -9.97306209      7.64730897
      9      3.32262     0.00000     3.32262    -13.58814617     -3.12953465
     10      2.88408     0.00000     2.88408    -14.76527610     -7.93801663
     11      5.05692     0.00000     5.05692    -14.66358225     -5.81130183
     12      5.25849     0.00000     5.25849    -14.02113460     -6.78813374
     13      4.34260     0.00000     4.34260    -11.91338321     -0.89335605
     14      2.52076     0.49820     2.02256    -10.10233628      9.47549082
     15      2.58771     0.00000     2.58771    -12.52871484     -2.11292531
     16      2.04585     0.00000     2.04585    -12.97905190     -1.45108676
     17      0.74434     0.00000     0.74434    -13.26916140     -0.89746143
     18      2.87249     0.00000     2.87249    -14.17229193    -11.16119723
     19      5.27008     0.00000     5.27008    -17.40636702     -7.69270120
     20      5.20645     0.00000     5.20645    -18.23995935    -11.57081028
     21      2.85680     0.00000     2.85680    -18.00917014    -12.56643650
     22      3.05301     0.00000     3.05301    -22.03357865    -10.43672643
     23      5.26265     0.00000     5.26265    -20.18859014     -8.05711906
     24      2.63335     0.00000     2.63335    -17.15006364    -10.86558116
     25      2.52692     0.00000     2.52692    -15.11925210    -11.04469285
     26      2.52103     0.00000     2.52103    -13.64277995     -6.33165874
     27      2.74898     0.00000     2.74898    -11.75349912     -6.96946178
     28      1.66361     0.00000     1.66361     -9.20793867     -4.13414200
     29      0.37250     0.00000     0.37250     -6.19850503     -4.31487786
     30      2.82428     0.74959     2.07469     -8.07838146     10.58958713
     31      2.65198     0.00000     2.65198    -13.74633099     -4.53290929
     32      2.59878     0.00000     2.59878    -14.14742350     -5.66683186
     33      2.00280     0.00000     2.00280    -14.26131765     -5.62523029
     34      1.15601     0.00000     1.15601    -14.09806849     -4.51020455
     35      1.63003     0.00000     1.63003    -13.85623954     -1.17453755
     36      1.83081     0.00000     1.83081    -13.74760442     -4.74420217
     37      5.18649     0.00000     5.18649    -20.26624385    -13.57265599
     38      5.89554     0.00000     5.89554    -25.71680032    -10.20815470
     39      3.49010     0.00000     3.49010    -27.46571477    -11.29632168
     40      5.26624     0.00000     5.26624    -18.96208893     -9.10989568
     41      4.48505     0.00000     4.48505    -20.12274521     -8.47912209
     42      2.92553     0.00000     2.92553    -18.00917014     -9.15738231
     43      5.22304     0.09379     5.12926    -16.26906644      3.60455953
     44      4.46391     0.01105     4.45286    -17.32316738      2.36027455
     57      4.21761     0.80761     3.41000     -9.15738231      9.59696069
     58      4.12734     0.55580     3.57154    -13.00690826     10.70766634
     59      2.20732     0.00000     2.20732    -16.99580950     -6.32369347
     60      2.49455     0.00000     2.49455    -26.84818466    -11.49848804
     61      5.17159     0.00000     5.17159    -26.40801529     -7.27136349
     62     21.18472     1.73458    19.45014    -21.53255446     11.98138810
     63      4.66471     2.17541     2.48930    -21.77775376     15.28329069
     64      2.36026     2.36026     0.00000      0.71073940     10.89331449
     65      0.24657     0.24657     0.00000      1.05258937      9.24150734
     66     15.22732    15.20973     0.01759     -1.00049382     57.97195031
     67      0.47515     0.18865     0.28650    -16.65632998      9.59843495
     71      1.34298     0.82086     0.52212     -9.84900311     12.50548889
     74      1.16914     0.61676     0.55238    -11.86542564     10.31990928
     90      2.09587     0.00000     2.09587    -19.66795216     -3.43185692
     91      2.28458     0.00000     2.28458    -20.46185098     -8.56373071
     92      2.46282     0.00000     2.46282    -20.61406075     -8.62335590
     93      4.95635     0.00000     4.95635    -21.87549508    -11.93017833
     94      4.90107     0.00000     4.90107    -21.21638323     -6.38031309
     95      2.90112     0.00000     2.90112    -19.49560624     -5.42274430
     96      2.09632     0.00000     2.09632    -22.81835813     -7.53575268
     97      3.39132     0.00000     3.39132    -23.79834112    -17.83994613
     98      4.67050     0.00000     4.67050    -24.21440348    -19.15772542
     99      5.09605     0.00000     5.09605    -24.06250022    -13.02680234
    100      4.03633     0.00000     4.03633    -17.07928256     -5.82441042
    101      5.05754     0.00000     5.05754    -18.82569693    -12.12616362
    102      5.14017     0.00000     5.14017    -23.70875570    -14.95948497
    103      4.38545     0.00000     4.38545    -23.93316957    -14.05409639
    104      2.71596     0.00000     2.71596    -24.21824715    -11.81537200
    105      2.92894     0.00000     2.92894    -24.26038374    -12.07182748
    106      4.00956     0.00000     4.00956    -15.99283334    -10.52009225
    107      4.82660     0.00000     4.82660    -21.90646919     -8.19247650
    108      4.16520     0.00000     4.16520    -22.25363162    -14.19037286
    109      2.57014     0.00000     2.57014    -15.23144421     -3.97029547
    110      5.19042     0.00000     5.19042    -13.11202573     -3.15807408
    111      3.43578     0.00000     3.43578    -13.08685857     -4.08353346
    112      0.82828     0.00000     0.82828     -5.54568102     -1.76656713
    113      0.11907     0.00000     0.11907     -5.33001901     -3.64403952
    114      1.51516     0.00000     1.51516    -10.85279914     -4.08505289
    115      4.94481     0.00000     4.94481     -9.57815843     -1.10429857
    116      3.10547     0.00000     3.10547    -22.22977940     -6.96168985
    117      3.10654     0.00000     3.10654    -21.61189081     -4.63339229
    118      2.85166     0.00000     2.85166    -21.54686566     -6.64362289
    119      2.92836     0.00000     2.92836    -21.69324253     -1.27463902
    132     12.09819     1.09329    11.00490    -13.57925271      9.06366045
    133      3.60754     0.12533     3.48221    -10.85290203      1.96805437
    134      2.11929     0.00000     2.11929    -11.23436454     -3.65831450
    136      0.67174     0.67174     0.00000      2.40981570     13.00288703
    141      8.54657     0.79286     7.75371    -19.27804827     11.61933045
    148      3.89970     0.00000     3.89970    -27.44172493     -4.41854647
    153      1.29753     0.81155     0.48598     -9.53964061     10.84667463
    156      7.58008     0.00000     7.58008    -50.10916175     -9.89128031
    158     16.40612     0.00000    16.40612    -51.79822584     -6.56510036
    159      3.64905     0.57174     3.07731    -10.40658805     10.12460365
    160     12.72520     0.00000    12.72520    -37.15032798     -7.46870470
    161     20.07599     0.00000    20.07599    -45.57813281     -5.32200640
    162      6.35463     0.00000     6.35463    -31.54026734     -4.41025468
    163     15.91605     0.00000    15.91605    -39.60885195     -4.94001936
    164      3.86544     0.00000     3.86544    -27.81187372    -16.17352026
    165      0.50399     0.00990     0.49408    -11.62251214      8.85369133
    167      9.03208     0.00000     9.03208    -42.10133550    -13.56197443
    169      3.84069     3.84069     0.00000      0.72086462     52.12304732
    170      6.84628     2.15243     4.69385    -15.30356840     13.07583029
    171      9.73074     6.14745     3.58329    -24.30007209     14.09250955
    172     14.93747     7.86246     7.07501    -15.12239057     19.50299927
    173     15.01395    12.24993     2.76402    -10.82091910     38.10307675
    174     12.33597     9.55668     2.77930     -7.24421500     11.92181522
    175      8.38379     7.19956     1.18423     -5.25879386     10.62671502
    176     11.17481    11.17481     0.00000      3.69527198     19.28908083
    177     12.89003    12.89003     0.00000      4.39645495     13.26601299
    178     12.83101    12.83101     0.00000      3.83046105     14.06931161
    179     11.86748    11.42655     0.44093     -5.30106094     11.27577341
    180     11.07161     9.21570     1.85591     -9.84138546     12.44110959
    181     10.85402     9.93882     0.91520     -4.81110809     13.62443206
    182      2.94834     0.82275     2.12559    -22.39055908      5.29009764
    183     10.06661     9.53750     0.52910     -3.95727637     15.57806839
    184     11.98614    11.62014     0.36600     -4.79771874     13.63832842
    185     10.01484     8.89373     1.12110    -20.37492029     15.31449591
    186     11.53118    11.53118     0.00000      8.25654916     18.94267200
    187      4.12193     3.55327     0.56866     -6.12066889     12.14221792
    188     12.28453    11.41006     0.87447     -5.89789232     23.65090278
    189      4.80824     4.80824     0.00000     11.59676189     34.43353694
    190      5.97016     5.97016     0.00000      9.26684588     19.55403447
    191      8.58795     8.46929     0.11867     -3.21081105     18.53333066
    192     12.29907    11.58824     0.71084     -7.29096491     11.38293935
    193     12.81614    12.81614     0.00000      4.19471282     14.61743266
    194     12.88601    12.88601     0.00000      2.90601830     13.17920777
    195      8.46247     8.46247     0.00000      2.90040832     11.28462208
    196     12.07605    10.89534     1.18071     -8.97470946     12.72412367
    197     10.55330     8.99384     1.55946    -26.97790567      8.86439428
    198     17.36316    16.49264     0.87051     -6.43496272     39.85800635
    199     14.06835     8.91386     5.15449    -14.65033737     18.54224710
    200      2.58393     0.00000     2.58393    -27.66635404     -5.60151510
    201     18.64455     9.55949     9.08505    -24.33936014     17.06297850
    202     15.51861    15.51315     0.00546     -1.73463151     30.49920648
    203     10.02749    10.02749     0.00000     -0.07810593     25.82698594
    204      8.58208     5.65954     2.92254    -21.35944017     18.42025746
    205      6.63154     0.92193     5.70961    -32.36308079      3.67319429
    206      2.37004     1.86470     0.50533    -13.02016822     12.30921102
    207      5.74662     5.74662     0.00000      8.95515243     19.55403447
    208      9.96409     9.96409     0.00000      7.52962467     18.73109404
    209     12.16694    10.66278     1.50416    -21.75564592     15.83119624
    210     12.24553     7.34243     4.90310    -35.49366451     13.67364812
    211     12.45361     1.04402    11.40959    -33.43805862      3.05379612
    212      2.11929     0.01509     2.10420    -15.64083877      1.41771739
    213      9.70569     9.21948     0.48622    -10.69181751     18.98197389
    214      6.98677     6.00852     0.97826    -15.76577055     11.20987155
    215     11.54753     4.92784     6.61969    -34.56322036      5.38128107
    216     11.68393     4.88763     6.79629    -24.47039351      4.28587219
    217      9.97493     5.82762     4.14731    -20.85766922      7.14075801
    218     10.56893     9.28368     1.28524     -3.14519047     18.57518232
    219      0.46916     0.01704     0.45212    -16.53476443      2.08330246
    220     11.02584     2.71947     8.30638    -12.80014843      2.00960288
    221      6.88665     2.91185     3.97480    -17.91140644      7.79841916
    222      5.01927     2.08550     2.93377    -17.11880657      8.83321535
    223      9.09944     2.79438     6.30506     -8.21901199      4.00273276
    224     13.66276     0.50740    13.15536    -24.01668200      0.66410733
    225     12.10454     0.00000    12.10454    -18.14090099     -1.56225907
    226      4.43884     0.00000     4.43884    -46.32082200    -13.35535211
    227      5.72743     4.70778     1.01966    -16.72058112     15.03334443
    228      7.96195     0.00000     7.96195    -29.68310306     -1.43182201
    229     13.71148     0.00000    13.71148    -33.46112196     -2.34213006
    230      9.20475     3.68053     5.52422    -19.79678437      7.98661562
    231      9.70486     2.07330     7.63155    -35.26440474      7.96526642
    232     12.36126     0.63494    11.72633    -35.02630679      0.70810866
    233      3.13834     0.00000     3.13834    -26.61663540     -3.06628885
    234     10.66259     5.30754     5.35505    -10.57613266      4.84437948
    235     12.07796     4.36935     7.70861     -8.25571547      4.04049944
    236     10.16643     1.62393     8.54250     -8.42900332      1.20846376
    237     11.71479     6.19071     5.52408     -5.70123498      5.38874051
    238     11.23268     6.06801     5.16467     -3.99442962      6.40525181
    239      5.22565     0.00000     5.22565    -12.96336187     -1.90959805
    240      6.73562     1.62108     5.11454    -22.86730526      2.77973686
    241     12.46677    11.51868     0.94809     -2.60436393      9.95104752
    242     10.69396     8.92408     1.76988     -7.36341854     14.20213893
    243      5.11055     4.91885     0.19171     -4.95533695      9.29552439
    244     13.17904    12.39002     0.78902     -6.34824012     18.55011834
    245      8.61145     3.33893     5.27253    -15.14905514      7.23727758
    246      3.00766     0.00000     3.00766    -34.45140571    -14.95880787
    247      6.34904     3.21232     3.13672    -11.62054570     18.15675301
    248      7.07427     3.54602     3.52825    -19.00077532     14.17712446
    249      9.37353     7.39049     1.98304    -13.27388786     19.96783608
    250      6.76474     0.00000     6.76474    -42.25276511     -2.47103261
    251     12.11961     5.22084     6.89877    -13.52673838      4.42381836
    252     12.77848     8.15667     4.62181     -9.93421367      6.82595688
    253     12.99367    12.99367     0.00000     -0.15530308      9.73802520
    254     11.89280    10.98632     0.90648     -8.20550298      9.26562904
    255     12.02982     9.70015     2.32968    -15.62271773      8.57427045
    256     12.34842    10.82462     1.52381    -11.11716891     11.34625764
    257      7.48345     0.00000     7.48345    -43.38426105     -6.74105735
    258     11.22818     0.00000    11.22818    -44.73858600     -4.77037497
    259     12.82046     2.35656    10.46390    -14.55548811      2.43336682
    260     11.45574     4.57808     6.87765    -12.74903459      5.38798850
    261     12.65210     0.53165    12.12045    -20.69061601      0.55202225
    262     12.85026     8.86648     3.98377     -4.71579917      7.47368578
    263     11.57224     4.82505     6.74719    -16.82209253      3.91305421
    264      8.56946     7.08892     1.48053    -14.36397177     14.13895183
    265     12.28230    10.54176     1.74054    -12.23184387     11.88029245
    266      4.69091     4.24584     0.44507     -8.89656774     14.04807281
    267     12.58109    12.58109     0.00000      5.07064927     19.55585996
    268     12.06123    11.36367     0.69756     -8.41779468     12.12986287
    269      5.18337     2.07523     3.10813     -8.63927028      8.28006702
    270      7.39498     6.59623     0.79875     -8.65002375     35.22110231
    271      6.13612     3.30725     2.82888    -11.04396356     12.49248456
    272      9.05612     7.97288     1.08324     -9.92840679     19.98131003
    273     16.32247    15.76652     0.55595     -4.96564731     30.85292529
    274      8.53807     4.96394     3.57412    -12.99896354     13.00288703
    275      9.54644     6.83716     2.70928    -12.97289041      8.75587833
    276      6.08639     3.87659     2.20980    -21.23563258      8.50356036
    277     12.90268    12.90268     0.00000      1.88180412     16.95803323
    278      8.99450     0.08020     8.91431    -11.49162250      0.14177050
    279     12.99353    10.90177     2.09175     -3.79485178     14.45177587
    280     12.05888     9.24970     2.80919     -8.89317715     10.75621750
    281      8.47104     0.00000     8.47104    -38.79176862     -0.23309191
    282     10.91612     4.52955     6.38657    -14.37530708      8.71217999
    283      9.08323     8.92731     0.15592     -3.73242268     25.44879014
    284      6.57742     5.90888     0.66854    -17.97663631     23.29209880
    285     11.51565    11.51565     0.00000      5.78981796     27.45179420
    286      9.72259     8.73287     0.98972    -25.53347818     23.29806797
    287     10.35213     4.56339     5.78874    -41.14318589      9.78698227
    288     12.28770    11.15995     1.12775     -6.56510036     17.96076007
    289     10.87396    10.87396     0.00000      9.28534607     21.59735636
    290     10.56166    10.56166     0.00000      7.04548914     18.11060839
    291     10.73905    10.73905     0.00000      1.09494625     31.25986093
    292     11.75233     9.39171     2.36062    -23.23298033     12.79145601
    293      7.27051     6.29489     0.97562     -9.90413648     20.03238133
    294      6.40832     2.38159     4.02673    -23.26976325     12.05466299
    295     14.05829     5.95143     8.10687    -19.78773400      6.32121297
    296      4.13579     3.89011     0.24568     -4.44264381     15.27406710
    297      1.62643     1.62643     0.00000      0.78820598     11.79436815
    298      7.36378     7.36378     0.00000      1.66060325     19.32112814
    299      1.27521     0.92960     0.34562     -1.69728480      5.44873446
    300      0.96597     0.00000     0.96597    -38.43741573     -5.87791374
    301      8.85233     0.00000     8.85233    -41.20917687     -1.38849136
    303      2.09457     0.31982     1.77475    -16.65632998      4.06537701
    304      8.78520     6.94907     1.83613    -11.36368672     13.53531868
    305      2.75909     2.75909     0.00000      2.36109860     15.99758038
    306     12.08886    12.08886     0.00000      3.51152777     16.15375339
    307     13.59099     9.53980     4.05119    -27.79871004      7.86955930
    308      3.57222     1.22302     2.34920    -29.30326113      4.93942819
    309     12.55140    12.55140     0.00000      0.25469145     14.94438529
    310     12.70652     9.28835     3.41817    -24.52164181     15.09576991
    311     12.45131    11.09903     1.35228    -17.62168033     24.14128787
    312      9.69930     9.69930     0.00000      2.76255202     59.15035246
    313     13.24387     9.57810     3.66577    -21.93743752     43.32049154
    314     10.05270     9.81537     0.23733     -6.00764220     21.03877897
    315      5.17151     4.19076     0.98075    -20.78749021     16.92160943
    316      2.09443     0.02974     2.06469    -24.74714056      0.98606270
    317     10.96334     5.80394     5.15940    -27.24699646      6.58918405

 Note: Average and variance below are in kcal/mol and (kcal/mol)^2 respectively
  Atom#    All/Positive/Negative average       All/Positive/Negative variance
      1    -7.96218        NaN   -7.96218           NaN        NaN    1.01841
      2    -7.95370        NaN   -7.95370           NaN        NaN    1.12313
      3   -11.06998        NaN  -11.06998           NaN        NaN    1.02704
      4   -11.27328        NaN  -11.27328           NaN        NaN    1.58396
      5    -4.52782    0.65777   -5.29723      12.55719    0.23031   12.32688
      6    -3.88054    0.72378   -4.34790      10.62748    0.39001   10.23746
      7    -0.10799    3.29861   -3.45403      12.86647    7.28792    5.57855
      8    -5.59544    2.45273   -6.46562       8.48859    2.89588    5.59271
      9   -10.57432        NaN  -10.57432           NaN        NaN    6.76592
     10   -13.14777        NaN  -13.14777           NaN        NaN    1.26638
     11   -11.71042        NaN  -11.71042           NaN        NaN    5.38037
     12   -12.08624        NaN  -12.08624           NaN        NaN    1.48912
     13    -9.23769        NaN   -9.23769           NaN        NaN    3.74649
     14    -4.14744    2.48094   -5.78015      12.35155    4.16645    8.18510
     15    -8.83013        NaN   -8.83013           NaN        NaN    4.83939
     16    -8.36090        NaN   -8.36090           NaN        NaN    8.46418
     17   -10.28456        NaN  -10.28456           NaN        NaN    7.55782
     18   -12.92711        NaN  -12.92711           NaN        NaN    0.52876
     19   -14.85963        NaN  -14.85963           NaN        NaN    3.84190
     20   -16.62866        NaN  -16.62866           NaN        NaN    1.20859
     21   -15.77070        NaN  -15.77070           NaN        NaN    1.63515
     22   -15.64399        NaN  -15.64399           NaN        NaN    2.52557
     23   -16.27354        NaN  -16.27354           NaN        NaN    3.58668
     24   -15.54666        NaN  -15.54666           NaN        NaN    1.29594
     25   -13.37627        NaN  -13.37627           NaN        NaN    0.50241
     26   -11.49698        NaN  -11.49698           NaN        NaN    1.85378
     27    -9.61426        NaN   -9.61426           NaN        NaN    0.68688
     28    -6.82931        NaN   -6.82931           NaN        NaN    1.63046
     29    -5.20460        NaN   -5.20460           NaN        NaN    0.14844
     30    -2.58302    3.85134   -4.90778      11.49301    6.94394    4.54906
     31    -9.99637        NaN   -9.99637           NaN        NaN    4.78429
     32   -11.04214        NaN  -11.04214           NaN        NaN    4.02532
     33   -11.82613        NaN  -11.82613           NaN        NaN    3.53079
     34   -10.63225        NaN  -10.63225           NaN        NaN    5.54940
     35    -9.02838        NaN   -9.02838           NaN        NaN   10.19606
     36    -9.83762        NaN   -9.83762           NaN        NaN    5.92588
     37   -18.09897        NaN  -18.09897           NaN        NaN    1.57297
     38   -19.04167        NaN  -19.04167           NaN        NaN    7.91272
     39   -20.04292        NaN  -20.04292           NaN        NaN   19.86570
     40   -16.53729        NaN  -16.53729           NaN        NaN    2.36369
     41   -16.86345        NaN  -16.86345           NaN        NaN    4.63283
     42   -16.00835        NaN  -16.00835           NaN        NaN    2.28038
     43   -10.13415    1.25278  -10.34236      14.41775    0.55406   13.86369
     44   -12.65194    0.84185  -12.68542      11.32328    0.00000   11.32328
     57    -3.63606    2.30585   -5.04330      11.02825    4.31458    6.71367
     58    -5.35135    3.03723   -6.65677      14.04442    5.47931    8.56511
     59   -14.16027        NaN  -14.16027           NaN        NaN    3.90759
     60   -20.51520        NaN  -20.51520           NaN        NaN   22.72002
     61   -18.52286        NaN  -18.52286           NaN        NaN   15.10047
     62   -10.08635    4.04649  -11.34673      39.79629    8.36886   31.42743
     63    -1.51454    5.40409   -7.56078      40.23981   12.04997   28.18984
     64     3.38723    3.38723        NaN           NaN    4.30207        NaN
     65     3.73015    3.73015        NaN           NaN    3.42025        NaN
     66    31.70535   31.74215   -0.10705     262.67114  262.66847    0.00266
     67    -4.08895    3.05628   -8.79377      54.36674    4.60646   49.76028
     71     2.37290    6.28502   -3.77762      19.13069   13.98385    5.14685
     74     0.49417    4.84902   -4.36821      14.36550    7.56319    6.80232
     90   -13.46800        NaN  -13.46800           NaN        NaN   17.02763
     91   -16.94599        NaN  -16.94599           NaN        NaN    6.73637
     92   -17.92138        NaN  -17.92138           NaN        NaN    5.87092
     93   -18.78211        NaN  -18.78211           NaN        NaN    6.28902
     94   -16.66433        NaN  -16.66433           NaN        NaN    8.56414
     95   -12.40570        NaN  -12.40570           NaN        NaN   10.40620
     96   -17.40029        NaN  -17.40029           NaN        NaN   13.36845
     97   -21.31556        NaN  -21.31556           NaN        NaN    1.61134
     98   -22.62099        NaN  -22.62099           NaN        NaN    1.30040
     99   -21.19865        NaN  -21.19865           NaN        NaN    4.73369
    100   -12.71005        NaN  -12.71005           NaN        NaN    4.72499
    101   -16.15231        NaN  -16.15231           NaN        NaN    1.50679
    102   -20.42306        NaN  -20.42306           NaN        NaN    3.67329
    103   -19.99805        NaN  -19.99805           NaN        NaN    7.11595
    104   -19.67798        NaN  -19.67798           NaN        NaN    7.27483
    105   -20.84747        NaN  -20.84747           NaN        NaN    6.01723
    106   -14.19209        NaN  -14.19209           NaN        NaN    0.84972
    107   -16.68754        NaN  -16.68754           NaN        NaN    6.92295
    108   -18.92524        NaN  -18.92524           NaN        NaN    6.10208
    109   -11.75758        NaN  -11.75758           NaN        NaN    4.26607
    110    -8.93208        NaN   -8.93208           NaN        NaN    3.72510
    111    -8.86341        NaN   -8.86341           NaN        NaN    4.28455
    112    -3.92013        NaN   -3.92013           NaN        NaN    0.50347
    113    -4.43876        NaN   -4.43876           NaN        NaN    0.17946
    114    -8.85513        NaN   -8.85513           NaN        NaN    2.09019
    115    -6.11488        NaN   -6.11488           NaN        NaN    3.91403
    116   -18.01121        NaN  -18.01121           NaN        NaN    9.30821
    117   -14.56742        NaN  -14.56742           NaN        NaN   13.31975
    118   -14.62679        NaN  -14.62679           NaN        NaN   11.50909
    119   -14.48392        NaN  -14.48392           NaN        NaN   21.10634
    132    -5.12817    2.50247   -5.88625      15.50526    3.67073   11.83453
    133    -5.14928    0.70369   -5.35994       6.34833    0.25233    6.09600
    134    -9.17686        NaN   -9.17686           NaN        NaN    3.10662
    136     9.09980    9.09980        NaN           NaN    6.99268        NaN
    141    -7.38723    3.45161   -8.49556      19.87524    6.13689   13.73835
    148   -19.66415        NaN  -19.66415           NaN        NaN   28.61700
    153     2.03721    5.16629   -3.18815      12.40929    8.59791    3.81138
    156   -40.39946        NaN  -40.39946           NaN        NaN   75.13136
    158   -41.02964        NaN  -41.02964           NaN        NaN   85.99509
    159    -4.32510    2.41009   -5.57645      12.26295    2.50396    9.75899
    160   -28.61396        NaN  -28.61396           NaN        NaN   33.22091
    161   -35.17311        NaN  -35.17311           NaN        NaN   75.59562
    162   -23.29554        NaN  -23.29554           NaN        NaN   40.12324
    163   -30.41523        NaN  -30.41523           NaN        NaN   59.18553
    164   -24.54721        NaN  -24.54721           NaN        NaN    5.29897
    165    -8.37791    7.20410   -8.69024       4.07193    0.00000    4.07193
    167   -34.89500        NaN  -34.89500           NaN        NaN   28.84131
    169    25.56066   25.56066        NaN           NaN  170.11971        NaN
    170    -3.07426    5.33467   -6.93029      24.81123   12.23959   12.57164
    171     2.88131    8.18864   -6.22390      36.92305   15.49733   21.42572
    172     1.58310    9.06308   -6.72939      46.59796   30.60219   15.99577
    173    12.33112   16.14305   -4.56308      79.44197   71.89795    7.54402
    174     4.77124    7.07349   -3.14510      14.09492   10.70003    3.39489
    175     5.30808    6.57422   -2.38944       8.67484    6.74939    1.92545
    176    10.56791   10.56791        NaN           NaN   11.88444        NaN
    177     8.71919    8.71919        NaN           NaN    5.18827        NaN
    178     9.11404    9.11404        NaN           NaN    6.76079        NaN
    179     6.80414    7.14942   -2.14351       7.85432    6.03918    1.81514
    180     5.64384    7.49077   -3.52728      18.76119   12.07114    6.69005
    181     6.99000    7.80013   -1.80776      12.79949   11.31396    1.48553
    182    -4.85585    1.28344   -7.23218      34.43424    0.62170   33.81254
    183     8.32188    8.84882   -1.17655      18.12764   17.31815    0.80949
    184     8.60756    8.93715   -1.85701      10.82336    9.20822    1.61514
    185     6.19170    7.81343   -6.67352      42.23753   11.67613   30.56140
    186    14.72921   14.72921        NaN           NaN    5.79122        NaN
    187     5.37961    6.66280   -2.63843      11.93009    9.24009    2.69000
    188    12.57887   13.72341   -2.35489      25.49158   23.53051    1.96106
    189    19.60813   19.60813        NaN           NaN   22.95559        NaN
    190    14.14744   14.14744        NaN           NaN    7.09489        NaN
    191    11.85993   12.04201   -1.13517      14.93126   14.54546    0.38579
    192     6.62551    7.20278   -2.78527       8.79187    5.62426    3.16761
    193     9.85356    9.85356        NaN           NaN    7.34689        NaN
    194     8.33167    8.33167        NaN           NaN    6.63323        NaN
    195     6.95612    6.95612        NaN           NaN    5.73160        NaN
    196     6.80961    7.94470   -3.66466      13.89788    8.30574    5.59214
    197     3.65320    5.77002   -8.55510      51.42337    3.25098   48.17239
    198    18.62828   19.72481   -2.14662      92.79812   90.83147    1.96665
    199     3.88551   10.03572   -6.75029      41.29253   25.81197   15.48055
    200   -17.67071        NaN  -17.67071           NaN        NaN   16.30594
    201    -0.01601    8.84495   -9.33970      51.84783   22.06025   29.78758
    202    17.45215   17.45834   -0.15393      58.16199   58.16199    0.00000
    203    16.15175   16.15175        NaN           NaN   45.65920        NaN
    204     4.52163    9.02163   -4.19268      42.92740   28.77225   14.15515
    205    -7.87993    1.36224   -9.37226      72.00640    0.68962   71.31678
    206     4.29159    6.86913   -5.21966      21.04177    8.32460   12.71717
    207    14.59932   14.59932        NaN           NaN    5.68724        NaN
    208    14.12366   14.12366        NaN           NaN    9.13882        NaN
    209     8.20107   10.49797   -8.08133      45.84081   12.83728   33.00353
    210     0.20679    7.50456  -10.72167      98.53628   13.90072   84.63556
    211    -8.86631    0.78645   -9.74958      58.09573    0.40942   57.68631
    212    -6.77628    0.36530   -6.82750      10.61246    0.03928   10.57318
    213    11.03694   11.79975   -3.42706      28.73498   22.11370    6.62128
    214     4.57631    5.89295   -3.51057      23.20169    9.27986   13.92183
    215    -3.79300    2.62554   -8.57109      77.46192    2.52638   74.93553
    216    -2.05393    1.96544   -4.94451      26.65097    1.52317   25.12780
    217    -0.04404    3.87129   -5.54570      23.98196    3.93165   20.05030
    218     5.97564    6.94843   -1.05107      20.03691   19.61192    0.42499
    219    -9.60444    0.73668   -9.99414      18.66719    0.00937   18.65783
    220    -2.58007    0.95869   -3.73865       8.14858    0.31910    7.82948
    221    -2.54018    3.35062   -6.85566      22.17651    3.90379   18.27272
    222    -1.21194    3.61246   -4.64141      15.32353    4.33962   10.98391
    223    -1.69681    1.87166   -3.27835       5.07464    1.34889    3.72576
    224    -7.07326    0.34601   -7.35942      24.82895    0.03197   24.79698
    225    -7.41294        NaN   -7.41294           NaN        NaN   14.11459
    226   -26.05027        NaN  -26.05027           NaN        NaN   67.56874
    227     5.99063    8.18700   -4.15006      25.22747   14.92172   10.30575
    228   -10.96157        NaN  -10.96157           NaN        NaN   22.25909
    229   -10.25881        NaN  -10.25881           NaN        NaN   36.79701
    230    -2.23702    3.26973   -5.90591      15.17374    2.79120   12.38254
    231    -7.29748    2.56554   -9.97702      66.16720    3.60722   62.55997
    232    -7.90377    0.33934   -8.35011      58.19019    0.04184   58.14834
    233   -13.06493        NaN  -13.06493           NaN        NaN   26.23082
    234    -0.50760    2.37398   -3.36361       8.46305    1.85180    6.61125
    235    -1.13469    1.93690   -2.87571       5.40321    1.36655    4.03666
    236    -2.59201    0.59260   -3.19741       5.06742    0.11745    4.94996
    237     0.30690    2.44960   -2.09438       3.96737    2.47660    1.49078
    238     0.80811    3.30961   -2.13091       4.74182    3.57789    1.16393
    239    -5.18329        NaN   -5.18329           NaN        NaN    3.85639
    240    -3.65268    0.82687   -5.07249      27.01531    0.26371   26.75160
    241     4.85342    5.33000   -0.93678       7.55115    7.13417    0.41698
    242     4.82275    6.28351   -2.54267      14.06059   10.04534    4.01525
    243     6.01430    6.33363   -2.17913       4.90806    3.35036    1.55769
    244     9.39529   10.15549   -2.54212      19.62612   17.14307    2.48305
    245    -2.26925    4.07881   -6.28928      18.83677    4.53832   14.29845
    246   -19.91140        NaN  -19.91140           NaN        NaN   11.01085
    247     0.83865    5.98159   -4.42825      28.93112   19.64538    9.28574
    248    -0.92106    7.56180   -9.44663      42.63603   15.83495   26.80109
    249     6.06570    8.85924   -4.34542      28.68970   21.16549    7.52421
    250   -15.82436        NaN  -15.82436           NaN        NaN   98.91598
    251    -1.36235    2.39161   -4.20326       9.30707    1.59825    7.70882
    252     0.71964    3.46889   -4.13228      10.64987    3.10945    7.54041
    253     4.70250    4.70250        NaN           NaN    6.59719        NaN
    254     4.04374    4.61448   -2.87338      10.75023    6.60711    4.14311
    255     2.78322    4.89962   -6.02890      20.57252    3.83100   16.74153
    256     5.12217    6.43928   -4.23414      15.70904    8.03284    7.67620
    257   -14.78621        NaN  -14.78621           NaN        NaN   45.03686
    258   -13.74786        NaN  -13.74786           NaN        NaN   69.44545
    259    -3.45076    1.17845   -4.49330      10.10964    0.48635    9.62329
    260    -1.55021    2.67880   -4.36523       9.32809    2.12235    7.20574
    261    -5.00542    0.26465   -5.23659      17.95957    0.02479   17.93478
    262     1.83817    3.64867   -2.19137       5.78019    4.03843    1.74176
    263    -3.25094    1.94853   -6.96918      23.38099    0.92762   22.45337
    264     4.63699    6.99936   -6.67427      27.29725   10.89866   16.39860
    265     5.70580    7.31869   -4.06279      16.57072    8.22127    8.34945
    266     7.35272    8.38769   -2.52061      20.06655   15.68448    4.38207
    267    13.04680   13.04680        NaN           NaN   15.57443        NaN
    268     7.07171    7.70530   -3.24988      11.57144    7.01455    4.55689
    269    -0.54593    3.50284   -3.24921      11.23109    5.85196    5.37913
    270     8.57652   10.04352   -3.53831      52.13003   46.99568    5.13435
    271     0.66890    4.22349   -3.48677      13.42368    7.00669    6.41699
    272     9.64382   11.54652   -4.36049      25.95772   19.30575    6.65198
    273    16.04086   16.65586   -1.40027      72.53748   71.50322    1.03426
    274     0.96989    5.66829   -5.55552      23.33863   10.62601   12.71262
    275     1.89827    3.89451   -3.13948      11.52420    4.86139    6.66281
    276    -0.35064    3.68688   -7.43353      39.58246    4.25425   35.32821
    277    10.78524   10.78524        NaN           NaN   14.84027        NaN
    278    -4.37502    0.06426   -4.41496       6.29146    0.00124    6.29023
    279     5.79605    7.23124   -1.68381      17.07238   16.13178    0.94060
    280     3.75384    5.84670   -3.13724      12.96274    8.58201    4.38073
    281    -8.98574        NaN   -8.98574           NaN        NaN   58.80472
    282    -1.63646    3.07515   -4.97807      15.65177    3.74358   11.90819
    283    14.42041   14.69426   -1.25954      43.43620   42.74422    0.69198
    284    12.76975   14.74577   -4.69515      50.93642   37.11004   13.82638
    285    21.48363   21.48363        NaN           NaN   16.22166        NaN
    286    14.14771   16.86319   -9.81260      70.24147   27.28253   42.95894
    287    -4.89515    4.67439  -12.43904     114.43579    6.58921  107.84658
    288     9.02550   10.11279   -1.73407      24.10334   22.67482    1.42852
    289    15.16732   15.16732        NaN           NaN    8.37535        NaN
    290    13.64675   13.64675        NaN           NaN    6.41261        NaN
    291    11.99690   11.99690        NaN           NaN   29.61557        NaN
    292     4.11780    7.01076   -7.39182      48.43921   12.91764   35.52157
    293    10.24637   12.44814   -3.95987      36.34416   29.87953    6.46463
    294    -3.83910    4.76021   -8.92511      42.05831    8.80731   33.25101
    295    -2.46750    3.15489   -6.59502      26.65367    3.06017   23.59350
    296     8.18326    8.82184   -1.92783      21.94862   20.70711    1.24151
    297     6.03798    6.03798        NaN           NaN    6.11863        NaN
    298    13.33339   13.33339        NaN           NaN   14.24779        NaN
    299     1.42412    2.29440   -0.91667       2.13666    1.90243    0.23423
    300   -19.38912        NaN  -19.38912           NaN        NaN   63.94351
    301   -16.90427        NaN  -16.90427           NaN        NaN   54.85667
    303    -6.77694    1.74386   -8.31244      23.26103    1.04017   22.22086
    304     5.23378    7.46568   -3.21316      19.18140   13.62718    5.55421
    305     9.04302    9.04302        NaN           NaN    6.51042        NaN
    306    10.89319   10.89319        NaN           NaN    8.72964        NaN
    307     0.46177    3.83028   -7.47043      52.63653    4.58242   48.05410
    308    -6.04106    2.13439  -10.29729      75.31380    1.61401   73.69979
    309     8.77415    8.77415        NaN           NaN   17.20408        NaN
    310     4.18743    8.85715   -8.50181      54.62557   17.45709   37.16848
    311     9.72761   11.61708   -5.78054      38.22657   19.70224   18.52433
    312    30.33155   30.33155        NaN           NaN  244.69628        NaN
    313    14.83202   24.30112   -9.90927     186.37765  154.64054   31.73711
    314    15.24088   15.66241   -2.19241      18.99588   17.20279    1.79309
    315     7.99723   12.04419   -9.29557      51.62635   17.85254   33.77381
    316    -9.81623    0.24977   -9.96123      33.44387    0.04706   33.39681
    317    -1.50859    3.37918   -7.00697      44.57022    2.96573   41.60449

 Note: Internal charge separation (Pi) is in kcal/mol, nu = Balance of charges
  Atom#           Pi              nu         nu*sigma^2
      1         0.864352             NaN             NaN
      2         0.880823             NaN             NaN
      3         0.882849             NaN             NaN
      4         1.077087             NaN             NaN
      5         3.647844        0.018005        0.226088
      6         3.106705        0.035352        0.375700
      7         3.378216        0.245587        3.159843
      8         2.741467        0.224767        1.907950
      9         2.086854             NaN             NaN
     10         0.816896             NaN             NaN
     11         2.050199             NaN             NaN
     12         0.954872             NaN             NaN
     13         1.501606             NaN             NaN
     14         3.604722        0.223536        2.761016
     15         1.878574             NaN             NaN
     16         2.528120             NaN             NaN
     17         2.189616             NaN             NaN
     18         0.617887             NaN             NaN
     19         1.624653             NaN             NaN
     20         0.785290             NaN             NaN
     21         1.061362             NaN             NaN
     22         1.141092             NaN             NaN
     23         1.356621             NaN             NaN
     24         0.912144             NaN             NaN
     25         0.577808             NaN             NaN
     26         1.071876             NaN             NaN
     27         0.638248             NaN             NaN
     28         1.109471             NaN             NaN
     29         0.324557             NaN             NaN
     30         3.733436        0.239145        2.748492
     31         1.868336             NaN             NaN
     32         1.663982             NaN             NaN
     33         1.580469             NaN             NaN
     34         1.994832             NaN             NaN
     35         2.709211             NaN             NaN
     36         2.116141             NaN             NaN
     37         1.025049             NaN             NaN
     38         2.287765             NaN             NaN
     39         4.003677             NaN             NaN
     40         1.098290             NaN             NaN
     41         1.733093             NaN             NaN
     42         1.201197             NaN             NaN
     43         3.240459        0.036952        0.532769
     44         2.758323        0.000000        0.000000
     57         3.176122        0.238169        2.626587
     58         3.488740        0.237931        3.341604
     59         1.532493             NaN             NaN
     60         4.567355             NaN             NaN
     61         3.223931             NaN             NaN
     62         5.661160        0.166070        6.608953
     63         6.567514        0.209781        8.441558
     64         1.622375             NaN             NaN
     65         1.345996             NaN             NaN
     66        14.061653        0.000010        0.002665
     67         7.214504        0.077550        4.216155
     71         5.084359        0.196656        3.762159
     74         4.617223        0.249299        3.581301
     90         3.498078             NaN             NaN
     91         2.155787             NaN             NaN
     92         1.770289             NaN             NaN
     93         2.092182             NaN             NaN
     94         2.466015             NaN             NaN
     95         2.634488             NaN             NaN
     96         3.037710             NaN             NaN
     97         1.039147             NaN             NaN
     98         0.965300             NaN             NaN
     99         1.659782             NaN             NaN
    100         1.726025             NaN             NaN
    101         0.981667             NaN             NaN
    102         1.604680             NaN             NaN
    103         2.315890             NaN             NaN
    104         2.289359             NaN             NaN
    105         1.923931             NaN             NaN
    106         0.737062             NaN             NaN
    107         2.057185             NaN             NaN
    108         2.253494             NaN             NaN
    109         1.626547             NaN             NaN
    110         1.569836             NaN             NaN
    111         1.784403             NaN             NaN
    112         0.583652             NaN             NaN
    113         0.379733             NaN             NaN
    114         1.138348             NaN             NaN
    115         1.619508             NaN             NaN
    116         2.398294             NaN             NaN
    117         3.025946             NaN             NaN
    118         2.835601             NaN             NaN
    119         3.746086             NaN             NaN
    132         3.243320        0.180695        2.801719
    133         2.167235        0.038168        0.242300
    134         1.485680             NaN             NaN
    136         2.284595             NaN             NaN
    141         3.997131        0.213431        4.241998
    148         4.497313             NaN             NaN
    153         4.155249        0.212805        2.640757
    156         7.059129             NaN             NaN
    158         7.345016             NaN             NaN
    159         3.511258        0.162496        1.992679
    160         4.849008             NaN             NaN
    161         7.022355             NaN             NaN
    162         5.217495             NaN             NaN
    163         6.259475             NaN             NaN
    164         1.943475             NaN             NaN
    165         2.047014        0.000000        0.000000
    167         4.335707             NaN             NaN
    169        11.267256             NaN             NaN
    170         5.644998        0.249955        6.201696
    171         6.947018        0.243555        8.992797
    172         7.963950        0.225436       10.504872
    173         9.643061        0.085945        6.827622
    174         4.480291        0.182846        2.577201
    175         3.262089        0.172693        1.498081
    176         2.948587             NaN             NaN
    177         1.897109             NaN             NaN
    178         2.164634             NaN             NaN
    179         2.329984        0.177693        1.395659
    180         4.430087        0.229433        4.304445
    181         3.364105        0.102591        1.313118
    182         5.055763        0.017729        0.610478
    183         3.845870        0.042661        0.773344
    184         2.819826        0.126958        1.374117
    185         4.135666        0.200021        8.448386
    186         1.979843             NaN             NaN
    187         3.530000        0.174639        2.083459
    188         4.981867        0.071012        1.810198
    189         3.924374             NaN             NaN
    190         2.302041             NaN             NaN
    191         3.150513        0.025170        0.375825
    192         2.405672        0.230481        2.026355
    193         2.284829             NaN             NaN
    194         2.144530             NaN             NaN
    195         2.110688             NaN             NaN
    196         3.368947        0.240469        3.342011
    197         3.879993        0.059223        3.045451
    198         8.879154        0.020744        1.924971
    199         8.187471        0.234350        9.676899
    200         3.261641             NaN             NaN
    201         9.086437        0.244447       12.674041
    202         6.477043        0.000000        0.000000
    203         5.727278             NaN             NaN
    204         6.759945        0.221014        9.487541
    205         7.156045        0.009485        0.683015
    206         4.711664        0.239105        5.031200
    207         1.973172             NaN             NaN
    208         2.563009             NaN             NaN
    209         5.105592        0.201618        9.242321
    210         8.752700        0.121171       11.939718
    211         6.261838        0.006998        0.406530
    212         2.589386        0.003688        0.039138
    213         4.437493        0.177330        5.095567
    214         3.621787        0.239993        5.568242
    215         6.702066        0.031551        2.443987
    216         3.963091        0.053886        1.436121
    217         4.575020        0.137065        3.287090
    218         4.137032        0.020760        0.415972
    219         3.741480        0.000501        0.009361
    220         2.527495        0.037627        0.306603
    221         5.285568        0.145045        3.216597
    222         4.099978        0.202998        3.110640
    223         2.493948        0.195155        0.990341
    224         4.044113        0.001286        0.031932
    225         3.047886             NaN             NaN
    226         6.918206             NaN             NaN
    227         4.941048        0.241630        6.095718
    228         3.377586             NaN             NaN
    229         4.566508             NaN             NaN
    230         4.635771        0.150112        2.277762
    231         6.929302        0.051545        3.410570
    232         5.963851        0.000719        0.041815
    233         4.118101             NaN             NaN
    234         2.894936        0.170932        1.446605
    235         2.357772        0.188949        1.020929
    236         2.053728        0.022641        0.114731
    237         2.277278        0.234564        0.930604
    238         2.760073        0.185209        0.878230
    239         1.446711             NaN             NaN
    240         3.788560        0.009666        0.261133
    241         2.590484        0.052171        0.393954
    242         3.691672        0.204019        2.868625
    243         1.731385        0.216648        1.063320
    244         4.100462        0.110511        2.168901
    245         5.161785        0.182882        3.444909
    246         2.263723             NaN             NaN
    247         5.246503        0.217945        6.305386
    248         8.522140        0.233462        9.953876
    249         5.615280        0.193481        5.550900
    250         8.181245             NaN             NaN
    251         3.379903        0.142235        1.323791
    252         3.541754        0.206724        2.201583
    253         2.171044             NaN             NaN
    254         2.609238        0.236866        2.546367
    255         3.629985        0.151542        3.117592
    256         3.435788        0.249871        3.925235
    257         4.793540             NaN             NaN
    258         6.391451             NaN             NaN
    259         2.871065        0.045793        0.462955
    260         3.553948        0.175756        1.639466
    261         3.024089        0.001378        0.024756
    262         2.759378        0.210531        1.216912
    263         4.923627        0.038100        0.890821
    264         4.635060        0.239851        6.547276
    265         3.822532        0.249985        4.142432
    266         4.319071        0.170688        3.425129
    267         3.404110             NaN             NaN
    268         2.687904        0.238723        2.762365
    269         3.270693        0.249557        2.802797
    270         5.778760        0.088791        4.628664
    271         3.863932        0.249518        3.349444
    272         5.129070        0.190592        4.947328
    273         7.619411        0.014055        1.019513
    274         5.512553        0.248002        5.788019
    275         3.144680        0.243891        2.810653
    276         5.149628        0.095927        3.797012
    277         3.356196             NaN             NaN
    278         2.029360        0.000196        0.001236
    279         4.297134        0.052059        0.888776
    280         3.953147        0.223739        2.900273
    281         5.520179             NaN             NaN
    282         4.098491        0.181973        2.848194
    283         5.814277        0.015677        0.680956
    284         6.780511        0.197762       10.073292
    285         3.278496             NaN             NaN
    286         7.094973        0.237548       16.685707
    287         9.297605        0.054265        6.209803
    288         4.984515        0.055754        1.343855
    289         2.446803             NaN             NaN
    290         2.186507             NaN             NaN
    291         4.288203             NaN             NaN
    292         5.427892        0.195561        9.472800
    293         6.493533        0.146234        5.314751
    294         7.007937        0.165556        6.962994
    295         5.117687        0.101631        2.708828
    296         4.517915        0.053365        1.171281
    297         2.124619             NaN             NaN
    298         3.127265             NaN             NaN
    299         1.604529        0.097606        0.208550
    300         6.752348             NaN             NaN
    301         5.878630             NaN             NaN
    303         4.857013        0.042717        0.993652
    304         4.718083        0.205716        3.945921
    305         1.984049             NaN             NaN
    306         2.531874             NaN             NaN
    307         4.745913        0.079479        4.183487
    308         7.619687        0.020971        1.579424
    309         3.558857             NaN             NaN
    310         7.346748        0.217448       11.878200
    311         5.436781        0.249763        9.547568
    312        13.670950             NaN             NaN
    313        16.546622        0.141287       26.332794
    314         3.453041        0.085483        1.623830
    315         7.681068        0.226223       11.679080
    316         4.725222        0.001405        0.046993
    317         5.307794        0.062113        2.768389