 Number of surface minima:    47
   #       a.u.         eV      kcal/mol           X/Y/Z coordinate(Angstrom)
     1 -0.05920277   -1.610989  -37.150328     -20.546618   5.228719   0.364836
     3 -0.00630536   -0.171578   -3.956679     -11.491390  -5.156683  -3.112489
*    4 -0.08254566   -2.246182  -51.798226     -10.940767   7.725556   2.476108
     5 -0.01178290   -0.320629   -7.393888     -10.544063  -1.703888  -0.711993
     6 -0.01180581   -0.321252   -7.408261     -10.505061   0.561490  -0.941048
     7 -0.02163990   -0.588852  -13.579253     -10.447282   1.822795   2.043714
     8 -0.01790308   -0.487168  -11.234365     -10.139975  -0.773085   3.399873
    11 -0.00553581   -0.150637   -3.473778      -7.741433  -5.926012  -4.119460
    12 -0.02067360   -0.562557  -12.972890      -7.374586  -3.294132  -0.449485
    13 -0.02447834   -0.666089  -15.360402      -6.883458   1.321009  -1.968289
    14 -0.02973519   -0.809136  -18.659131      -6.908317   4.346977  -3.297548
    15 -0.04432100   -1.206036  -27.811874      -6.750720  -6.272671   0.583623
    16 -0.01852164   -0.503999  -11.622512      -5.831177  -1.996711   4.005458
    17 -0.03546339   -0.965008  -22.253632      -5.033857   5.552094  -0.125196
    22 -0.06709269   -1.825685  -42.101335      -3.675234  -4.623348  -4.619104
    24 -0.03627301   -0.987039  -22.761678      -2.822179   0.727713  -2.386474
    25 -0.01806201   -0.491492  -11.334094      -2.146387  -8.195295  -4.224274
    26 -0.03866135   -1.052029  -24.260384      -2.121257   4.232389  -0.646989
    27 -0.00755646   -0.205622   -4.741757      -1.984263   2.513734  -6.720169
    28 -0.03839079   -1.044666  -24.090604      -1.993488   3.650009   0.189490
    30 -0.01856867   -0.505279  -11.652029      -1.395785  -4.432955   0.464712
    31 -0.03509424   -0.954963  -22.021988      -1.445097  -0.024586  -1.665806
    32 -0.01389033   -0.377975   -8.716322      -1.031208  -7.664700  -5.355992
    33 -0.01986786   -0.540632  -12.467280      -0.500170  -4.298992  -0.858231
    34 -0.02140583   -0.582482  -13.432370       0.372447  -8.195295   0.014386
    35 -0.03730992   -1.015255  -23.412350       1.558070   3.123548  -0.387522
    36 -0.02869942   -0.780951  -18.009170       2.072085  -8.268925  -1.857922
    37 -0.03206761   -0.872604  -20.122745       2.191211  -3.168111  -4.144759
    38 -0.01658394   -0.451272  -10.406588       2.383559  -2.248550   5.202775
    39 -0.07985397   -2.172937  -50.109162       2.517277   1.978115  -3.281211
    40 -0.03390117   -0.922498  -21.273322       3.661628  -1.255316  -4.766386
    41 -0.00258681   -0.070391   -1.623250       3.783046  -1.266192   3.557280
    42 -0.04376937   -1.191025  -27.465715       3.969398  -0.930225  -2.753582
    43 -0.00878248   -0.238983   -5.511092       4.262425   6.224785  -2.487152
    44 -0.04244991   -1.155121  -26.637742       4.557969  -0.368447  -3.630608
    45 -0.00270479   -0.073601   -1.697285       4.772822   3.263186   2.052244
    46 -0.02985845   -0.812490  -18.736476       4.923896  -6.021114  -3.107234
    47 -0.02695758   -0.733553  -16.916152       6.101843  -4.734372  -1.380898
    48 -0.03086476   -0.839873  -19.367943       6.635641  -4.331610  -3.224673
    49 -0.03580216   -0.974226  -22.466216       6.637661   1.063661  -3.904652
    50 -0.01479806   -0.402676   -9.285930       6.777304  -3.959026   2.714565
    51 -0.07263332   -1.976453  -45.578133       6.939227  10.911585   2.108743
    52 -0.02654353   -0.722286  -16.656330       6.966913   4.901842  -0.005863
    55 -0.02976226   -0.809872  -18.676113       7.834371  -2.828717  -4.193777
    57 -0.05026257   -1.367714  -31.540267       9.145273   0.251661  -4.084267
    58 -0.06312067   -1.717601  -39.608852      10.345792   5.299999   5.097453
    59 -0.02272684   -0.618429  -14.261318      11.295950  -0.637331   0.739043

 Number of surface maxima:    90
   #       a.u.         eV      kcal/mol           X/Y/Z coordinate(Angstrom)
     1  0.06903554    1.878553   43.320492     -18.517237   8.166248   0.719712
     2  0.02493349    0.678475   15.646014     -16.706386   7.084537  -2.181174
     3  0.02741346    0.745958   17.202223     -14.655662   6.414454  -2.388389
     4  0.02428935    0.660947   15.241809     -14.542472   3.534962   2.184538
     5  0.04916722    1.337908   30.852925     -13.377748  -0.138397   1.230543
     6  0.02574381    0.700525   16.154496     -13.025214  -2.869043   2.878481
     7  0.04374718    1.190421   27.451794     -12.981258   2.386679  -0.602047
     8  0.01585799    0.431518    9.951048     -12.084818  -6.021333   1.258478
     9  0.01020741    0.277758    6.405252     -11.974413  -3.035816  -2.542695
    10  0.03712780    1.010299   23.298068     -11.573928   5.464801  -2.133788
    11  0.00858750    0.233678    5.388741     -10.851194  -6.797953  -1.931120
    12  0.01714111    0.466433   10.756217     -10.451408  -3.439004   4.943488
    13  0.01481335    0.403092    9.295524     -10.004914  -4.713751   3.375187
    14  0.01087785    0.296001    6.825957     -10.026591  10.062301  -2.312908
    17  0.01390240    0.378303    8.723894      -9.922376   2.917428   1.070867
    18  0.00643894    0.175212    4.040499      -9.396137  -4.767773  -5.015246
    19  0.01476571    0.401795    9.265629      -9.050267   7.701996  -4.778027
    20  0.00192581    0.052404    1.208464      -8.335144  -1.776169  -2.509059
    21  0.00772000    0.210072    4.844379      -8.116359  -7.476942  -2.684162
    22  0.02563577    0.697585   16.086702      -7.888165  -6.432759   5.491896
    25  0.00022593    0.006148    0.141771      -7.240693  -1.050321   3.909735
    26  0.00112844    0.030706    0.708109      -6.876967  -5.163267  -5.271554
    28  0.01551852    0.422280    9.738025      -6.746375  10.815541  -3.912606
    29  0.02089760    0.568653   13.113453      -6.638102  -3.432699   6.630152
    30  0.00704980    0.191835    4.423818      -6.514509   9.735637  -0.390149
    31  0.02705800    0.736286   16.979166      -6.050149  -5.817218   5.239073
    33  0.02493193    0.678432   15.645036      -5.791943  -6.872351   3.834481
    34  0.01395337    0.379690    8.755878      -5.783954  -2.363575  -1.632677
    35  0.00960368    0.261330    6.026407      -5.653238  -8.054098  -2.572594
    36  0.01153333    0.313838    7.237278      -5.659648  -0.754933   4.098710
    37  0.00623584    0.169686    3.913054      -5.189947   4.209768  -5.283419
    38  0.01808140    0.492020   11.346258      -4.998177   7.382935  -5.161286
    39  0.03352740    0.912327   21.038779      -4.833342  -4.471096   5.899034
    40  0.01366396    0.371815    8.574270      -4.552592   9.316257  -2.000178
    41  0.01893244    0.515178   11.880292      -4.316713  -0.915627   6.047912
    43  0.02072140    0.563858   13.002887      -3.855699  -3.710714   1.493307
    44  0.02482521    0.675528   15.578068      -3.581344  -9.052549  -0.472316
    45  0.03018704    0.821431   18.942672      -3.568657  -6.352364   5.719012
    46  0.00986762    0.268512    6.192033      -3.653390  -3.939344  -0.056879
    47  0.02259267    0.614778   14.177124      -3.490760   6.673847  -3.636412
    48  0.00087970    0.023938    0.552022      -2.773568   1.288199  -5.761173
    50  0.01191007    0.324089    7.473686      -2.620073   4.782424  -7.082186
    51  0.02173404    0.591413   13.638328      -2.538656  -9.385943   3.453410
    52  0.01319512    0.359057    8.280067      -2.367993  -3.961877   2.809233
    53  0.02954893    0.804067   18.542247      -1.897918  -9.725336  -1.197624
    55  0.03002354    0.816982   18.840073      -1.557750  -4.107247   6.168280
    56  0.05226681    1.422252   32.797946      -1.193513 -11.558303  -5.101735
    59  0.01933015    0.526000   12.129863      -0.569094  -0.194266   6.216738
    60  0.02988310    0.813160   18.751944      -0.428832  -7.727073   4.769469
    64  0.01007349    0.274113    6.321213       0.491820  -1.911532  -1.056890
    65  0.00387781    0.105521    2.433367       0.582966   3.081113  -6.374727
    67  0.00868430    0.236312    5.449487       0.668428  -2.276451   0.848984
    68  0.09238411    2.513899   57.971950       1.093601  -9.652839  -6.946642
*   69  0.09426201    2.565000   59.150352       1.277622  -5.226854   5.152979
    70  0.03192360    0.868685   20.032381       1.578665   0.528331   3.488065
    72  0.00320250    0.087145    2.009603       1.900951   6.917691   1.818208
    74  0.03079015    0.837843   19.321128       3.079080   1.328337   2.578431
    75  0.00105832    0.028798    0.664107       3.078041   5.961204  -3.770512
    76  0.00682997    0.185853    4.285872       3.352579   8.086498   2.849064
    77  0.01982615    0.539497   12.441110       3.733248  -1.768710   6.626708
    81  0.02171190    0.590811   13.624432       4.410188  -5.527133   5.506433
    82  0.00857561    0.233354    5.381281       4.303034   8.890327  -0.310041
    83  0.04115789    1.119963   25.826986       4.916360   0.686225   4.466009
    85  0.04860354    1.322570   30.499206       5.600156   3.869189   4.853445
    86  0.02242086    0.610103   14.069312       5.780126  -3.432699   8.464835
    87  0.02044299    0.556282   12.828182       6.115834  -1.434164  -6.819347
    89  0.01137951    0.309652    7.140758       6.238569   5.838397   3.890173
    90  0.01582856    0.430717    9.932580       6.903029   6.380961  -1.111069
    92  0.02719156    0.739920   17.062979       7.171660  -0.123798  -6.542510
    93  0.02574262    0.700492   16.153753       7.908231   5.563314  -3.430258
    94  0.01796907    0.488963   11.275773       8.224621  -4.736956   5.632136
    95  0.01693473    0.460818   10.626715       8.629069   0.536460   4.698345
    96  0.01787271    0.486341   11.215302       8.968510   1.859073   4.112443
    97  0.02114072    0.575268   13.266013       9.112659  -1.592360   7.321864
    98  0.01254093    0.341256    7.869559       9.060397   2.923419  -6.140333
    99  0.01899861    0.516978   11.921815       9.375652  -3.168111   4.411844
   100  0.02245782    0.611108   14.092510       9.587776  -2.331697  -2.296281
   101  0.03024968    0.823136   18.981974       9.739878   7.176226  -0.858231
   102  0.02984987    0.812256   18.731094      10.987867   7.547729  -0.642088
   103  0.01412630    0.384396    8.864394      11.247329  -0.987291  -4.562472
   104  0.02381537    0.648049   14.944385      11.835212   4.786421  -4.000904
   105  0.02008963    0.546667   12.606444      11.848837   7.593364   2.205911
   106  0.03116131    0.847942   19.554034      12.067789   4.637254  -1.984913
   107  0.01720149    0.468076   10.794110      12.891391   2.917428  -4.111857
   108  0.02027716    0.551770   12.724124      13.390732  -2.166736  -1.916586
   109  0.02953472    0.803681   18.533331      13.776102   3.575281   0.987645
   110  0.02522860    0.686505   15.831196      13.660295   5.301362   1.258293
   111  0.02100239    0.571504   13.179208      14.968852  -0.497059  -4.152514
   112  0.01813985    0.493611   11.382939      15.003505  -0.108973  -0.305847
   113  0.02329434    0.633871   14.617433      15.662964   3.086627  -2.429294